185648
190891
198806
189521
194180
107329
134265
108139
114813
56320
55854
115051
2200
68416
102007
104511
229211
36896
114946
130804
102469
106618
2170
25004
31856
192222
157387
225558
28952
73937
106015
157425
20534
83456
30384
160648
100912
211356
209576
83963
208212
26888
103876
204894
234111
68356
234668
167734
189330
34809
186688
195634
183721
187087
191786
184646
187452
199514
162684
183870
198706
190309
102620
203004
102407
114500
137514
30861
149504
175182
182569
139167
2045
158207
158624
172821
157565
158580
210534
133416
28056
174109
197735
142859
142871
102227
153657
177371
185012
133805
191536
184028
193506
97196
179616
196985
179958
98683
227615
157824
234795
38438
99034
163328
45604
132011
135872
179000
175763
186820
176174
18983
98087
177014
38834
135808
130860
131443
178045
182458
187947
197891
183750
194828
44489
212685
191820
183477
100296
97151
190369
188851
209806
45529
84125
49015
202464
32849
77707
175210
44678
135739
148038
114529
146492
149037
77973
173598
149604
38316
148392
45562
106462
224633
219368
223582
111001
135813
109928
101086
106291
191378
91816
1966
108520
63166
129018
1950
115278
138179
1941
145262
19082
153827
158914
104613
188911
148629
1929
180430
199354
180133
184023
197517
160421
169813
149371
110885
1975
136506
224273
111319
143744
109632
102513
165982
152521
111016
46885
82191
135845
141525
203425
197817
70461
114637
113220
57448
146313
224027
221166
109485
51657
109318
99342
174634
114082
181596
215462
103304
1913
157367
1914
159129
107002
205413
133282
224797
136500
159287
112727
62690
1912
156416
159518
159366
203238
201544
148676
114375
101142
225841
147178
99442
157758
81494
66950
160748
70875
141722
1907
112872
105037
144997
90166
82372
44257
101780
1906
1911
106304
114648
148295
149212
106447
111350
100440
83423
103074
154358
154809
187075
66189
62390
111184
145762
101774
131798
114514
134023
105524
103887
72909
214867
79360
108502
174178
76499
81270
83897
107777
205266
159438
57445
151832
77721
45081
101918
101991
110799
38895
70719
21213
68353
100923
23709
100279
101584
1957
111138
158854
40523
107379
162741
110080
175099
52441
145850
110787
99097
205659
28192
154549
1885
145899
173359
162503
114668
145246
136501
150318
150102
175142
196291
179241
196101
182806
180277
183480
109541
150083
148007
230403
150394
149167
145476
146034
150261
147686
232888
16915
86555
108457
109567
213627
2446
195962
167133
82233
101465
75119
116532
136935
133395
2419
2401
100504
139292
145434
83542
98563
2403
2370
2390
77851
79767
105331
61189
118817
143354
214543
155780
103662
60733
18143
2359
142736
104416
104818
31516
45877
142000
162739
175135
28957
2251
168322
147524
150191
2233
141251
165396
163423
20456
119242
26642
62693
69811
81782
102122
58645
49398
65462
28868
107797
86113
136894
171242
118269
101620
122531
152557
95582
79316
80284
141750
231888
169777
192192
2474
192107
82792
100077
102252
103940
223710
130464
62691
1878
95345
151251
155097
148790
154665
43436
46477
77995
99322
144456
39088
40435
199804
106893
81220
56235
169294
194302
21292
226802
85393
2483
190972
227169
83335
215580
29808
113559
2488
132160
134493
138791
220359
2554
55727
143679
211503
133672
156770
56341
226885
110868
2534
146854
229271
191465
19837
2540
2563
228572
109301
157643
175547
228176
95603
112888
115129
230258
139475
159330
194491
159522
223322
2550
219002
2551
159352
159432
192697
149663
159244
90502
99828
150023
142556
112991
29244
63062
105211
140122
58374
91130
130882
228870
154287
156950
204430
206355
199043
68865
32581
141748
142837
143099
17675
182371
225192
101380
99395
225059
2508
72978
26459
198375
37034
100109
209573
219038
224117
234598
131471
90147
159170
58625
58627
58628
115032
153017
2577
223012
25963
27784
19323
204028
155396
66029
151512
170751
180954
58624
19806
32271
99461
33001
114481
65682
163626
58637
153549
146467
150422
162617
71316
2631
80101
2596
99418
94046
209792
58609
2588
79737
102384
103014
140328
172214
58611
133292
58606
2603
42709
2592
113727
2630
209483
27657
139436
134676
112826
136516
2650
156811
60166
28419
148406
161044
2636
100508
139729
154451
62692
69756
60618
2640
13725
217505
48617
148646
226370
32172
109769
65675
159549
166579
29910
10543
156555
162538
10538
164866
65674
100270
148869
151687
211026
151164
134487
63107
131826
88848
99949
145536
1872
25709
155851
57551
94963
110103
1456
141312
102418
183441
1443
70898
136664
142598
99346
123055
138554
42281
184252
41859
139184
101911
105156
103056
1529
46856
1513
160813
101018
151127
143240
154678
76967
151577
223032
24509
24410
38392
112460
130451
160657
138844
159082
204759
102906
99873
26077
223977
57451
106690
132912
99178
159197
159489
151268
159076
159063
159115
162879
136895
130950
164420
52628
166372
24135
160424
137211
159771
159953
127630
227844
108876
105774
68979
123462
102419
18783
130187
156269
1663
19024
113744
212556
81374
44017
114411
111580
89632
112960
216456
55923
206755
113452
210111
216714
79951
77189
221485
130982
142753
166488
169264
13726
88657
90275
113023
204909
11278
114114
73339
113526
136926
113199
113624
22051
37339
88193
11593
134102
182970
216941
179166
190238
192663
180127
181007
108381
45741
104795
62479
146066
152550
150817
159582
161403
34403
106474
23971
102655
1588
19930
210079
217644
224828
152808
1624
205645
1605
108024
224503
29275
45580
60575
220629
162638
159520
137501
156660
230312
114550
17862
24447
41135
135899
143442
111739
95864
171401
105129
1563
9675
234599
226151
226796
152799
186160
220892
155778
155827
149282
17035
21798
155970
105864
1572
213594
110302
148516
156301
156535
131435
142856
111904
213179
110143
83178
144734
223835
113883
61856
225823
63784
62664
63772
70602
217200
39097
148705
99547
67843
1537
221738
63777
1547
172802
221823
222698
1540
148459
79502
103353
33009
111543
113979
10689
100123
1809
131533
142604
31745
162475
171324
136933
54620
152689
89521
3009
67842
108673
204198
88716
105025
140666
233045
91224
155430
154140
226121
1681
102531
49231
89297
121064
220692
1665
40185
102886
231909
150264
217227
204818
222877
107274
211556
63785
65686
89364
111995
111602
81510
130062
41280
12396
129392
132414
159362
13727
168638
65677
115016
135740
207653
218858
210997
135863
135705
138301
91522
124913
230061
231309
135881
155144
135762
28705
91792
159543
167650
64245
113548
141239
202106
62477
44762
226443
48167
139615
200413
159392
218700
63101
2842
75622
2794
154445
227130
203588
222530
112280
55354
222661
44216
161593
226380
191128
86075
138356
213004
218455
130306
136359
101232
159328
206757
226806
225770
2843
111473
86383
222300
85294
131207
221873
130035
161018
171614
165300
104440
226807
156688
132935
39505
233513
112905
10700
215025
136769
98560
217349
83746
1711
159293
60573
201142
84172
193866
2788
161200
223894
172636
83466
217998
35556
50882
217207
223634
204874
168811
96259
159463
27673
2818
159376
170512
2816
149101
71342
2801
2833
137345
2823
35238
171695
72455
2799
155204
48540
88168
2851
2853
2857
2859
2868
2871
52232
2840
101961
194531
95350
200639
202208
199817
179045
200086
212988
200732
166220
202096
202787
228825
2879
2884
91695
106208
111582
175403
209831
22777
45661
144253
63782
129513
159595
136806
152083
63800
172911
152729
98988
114646
164293
30315
63792
159700
161289
106114
172015
103111
90456
1674
138963
131965
164821
63773
209828
63786
153560
74751
213171
40926
37044
211984
90217
66919
111894
205204
159808
159945
161407
160498
104566
111958
159230
201108
104007
182638
105637
3810
113503
105838
28706
99294
159670
128374
112885
103618
159183
106093
159135
159386
104782
159327
131162
159087
3801
103769
156689
159291
101654
3804
79121
3802
103241
37803
106877
162727
79117
156152
4146
4156
101217
3838
3853
71422
83155
101908
105718
22641
78163
3892
147950
47380
36733
46681
27500
4009
4136
4015
4056
228504
105023
100106
159323
101486
221327
159296
105230
105940
101158
139265
217455
145173
4478
107124
201970
232521
65483
111287
143180
100599
200704
34546
159262
3792
37498
166591
4386
134564
148552
225567
13881
1720
144463
155771
214114
60814
2677
212699
60815
91225
218461
193893
38651
39165
88595
101263
145090
99903
132552
40972
106633
222526
211730
25315
218132
107418
204272
41587
164804
2651
90050
114305
30516
203705
55316
104029
166286
218559
102749
159095
159251
172792
155998
149860
61848
115290
132371
14314
202585
14309
159172
14292
14301
14302
14308
45870
110785
99289
42308
7633
132726
234397
156513
159295
70372
171291
231910
181861
22125
166013
206971
215036
153036
100017
150722
159339
222456
205230
153534
153348
208976
50491
3677
220200
3667
137789
40287
3678
3684
152594
217783
156603
222398
46444
105717
3732
39712
215574
161597
112838
152430
159642
203449
215582
136128
209888
225539
215579
205400
216666
152317
152837
31221
211311
145786
137302
223356
214891
153517
159436
218083
14397
58126
3709
224515
16327
3704
39070
209786
161093
1740
1743
128109
219881
86097
207011
55946
51292
41153
169877
1791
104564
208380
113626
103701
137027
1783
221168
222882
222283
110407
1797
90000
3696
204006
206059
210240
145811
222747
160549
207733
216016
1807
93838
18226
51476
1857
211548
1854
88072
90253
1833
23209
1847
222887
219177
95448
136924
151522
111532
139634
213210
133702
218850
103470
1728
1719
216196
230549
1718
97685
224671
97371
204817
207151
155781
1717
96016
154004
1710
96804
97300
213078
113092
204709
60180
98176
161000
146478
1724
169792
138615
1732
218878
150151
95646
154652
1701
160912
130540
89676
134526
1684
39529
143399
165553
61847
110989
113241
220959
217069
136988
45522
171306
214508
113239
110549
155181
9760
112434
164097
210455
218720
171922
10056
10167
10311
65383
99056
148251
148658
146991
210181
10212
46111
150571
54656
9965
25332
53447
49541
34972
9644
28528
32418
63939
79290
144406
27576
25922
35772
145117
165882
136385
9474
30522
91016
93878
29865
9349
103596
27646
169390
171512
162614
169976
229081
232927
233559
233630
173169
231968
207354
102500
73788
84842
112879
84384
140716
43095
140837
231832
73001
113435
8878
65357
45496
131988
159977
60316
110796
32525
9014
9121
20333
229009
9053
141639
131370
89252
9008
106352
112341
20204
103272
73878
143944
144159
142776
140938
140764
30146
140755
144625
42325
46277
162545
55625
47371
31691
115206
8194
204762
154145
8190
74387
155199
47332
114808
63760
110621
233613
46201
141206
134438
140916
143237
143525
65940
132521
106711
167146
167658
38217
154066
8494
8562
234990
223694
107566
181469
161219
174563
135755
98593
111146
8406
8407
101111
91777
103807
106179
212404
110246
98298
226754
71553
24515
8178
91272
137295
8229
154336
221659
87543
95512
35099
62941
163334
78569
150680
8811
138778
196857
164271
101880
7594
7604
176744
143093
146995
225963
188467
96014
146638
125759
146843
132329
232046
102805
218114
207732
47013
137507
156997
217655
8028
67844
47939
55626
167895
145682
22253
136741
162394
155317
221169
200671
212023
8011
111025
89901
91177
150639
159255
229650
229691
105206
132148
149607
232669
74504
8026
151090
45382
173611
134385
83477
154082
215917
32355
170442
147162
146022
64661
7973
129226
7931
146337
152386
52016
105678
158090
234971
233692
7677
127094
225001
46292
137423
144674
200745
132615
153746
192744
7705
7733
124743
191569
7710
61960
7719
100967
99225
114239
170060
89122
190826
156379
128429
205808
158471
130603
8100
40043
8051
105115
113888
112835
7561
154272
7546
159131
126228
146270
45930
7634
94878
185977
97007
40999
99301
215441
24022
113920
155896
96329
108087
7587
7586
7624
67775
161348
60168
97596
142449
227601
76891
7056
7088
28592
106627
30714
145100
78916
105640
108299
87861
168478
170117
6368
6901
82250
165591
189383
183819
189163
31333
232516
104793
20648
44156
102985
50403
110609
170434
60324
89748
6876
18745
84552
104381
24899
26099
213181
55005
28964
110392
6819
234489
132286
70208
207827
81187
80181
105930
19906
25562
6826
231994
163065
220728
204742
212943
215004
107729
133808
58397
110393
153802
19374
129297
36932
168055
6367
124930
88207
138944
230895
210246
211447
217293
217989
69013
212243
131723
148449
17553
155255
29792
40156
205078
216235
29770
6702
6763
93530
204192
214447
218851
113262
225240
217947
226615
84214
208819
150631
175668
190751
7820
111289
43798
18867
101503
93199
152244
212772
79476
110983
211749
204506
101301
67341
81832
60589
7761
60325
8384
179300
153733
129982
128659
60274
74353
101684
158243
140806
140956
140807
152296
79540
8250
8262
112973
27669
163284
47916
93780
113312
159956
112738
141364
113125
144987
60451
67230
213779
7510
219763
81842
177523
53334
7494
138306
114709
96909
66569
32647
142852
7772
192482
104538
207038
63326
202248
7523
7555
7564
7526
43810
197177
93549
194409
7461
161296
70993
93813
203128
213189
58383
212541
198217
64239
51207
18746
38006
18561
113554
132694
103041
153768
177236
158977
114291
157897
188458
158843
168486
192261
104638
111879
5655
108110
114029
105024
5685
136203
5645
55371
140910
44012
161602
48787
5793
5798
141539
114078
62504
114474
183580
165618
167072
118311
40525
5847
5852
154764
18609
59347
226850
38255
98896
150590
204329
149199
153210
152713
33426
111320
166172
25832
164914
226402
168296
189244
105079
220160
219107
128706
107637
107789
5266
49093
5123
77907
180618
105599
141661
165332
165410
224817
100553
135520
5067
114901
233001
198250
208719
207274
156145
5504
170743
5468
155559
146004
157988
99510
44677
50794
19385
39831
33175
89667
136508
215190
27926
96386
112956
216118
57724
93573
25284
143838
25420
101767
20480
196416
104129
137054
45478
207121
65460
56503
105004
4715
29077
66234
78887
84672
60394
100137
4760
154041
99616
156677
212457
212484
206896
155239
159481
114396
213063
222209
213955
4688
4617
4622
145581
211314
32831
26724
136962
94511
217504
88702
25641
211913
208470
214088
37026
212680
92371
182626
103846
206331
93834
96012
206276
4588
18546
102326
151468
219934
32841
70396
160662
129414
180810
136616
140565
153747
220363
37234
146291
151211
35350
149113
60184
100730
162509
103259
128453
210598
234617
6155
6161
99158
154294
29534
159222
39689
6294
85152
6365
149766
5583
5595
89317
25580
137102
5508
30983
17111
206486
46020
114828
4596
146977
154135
4594
138986
149351
4597
154672
43239
4509
4513
159606
222768
58110
102030
158117
207385
63607
4525
227238
58862
172363
104372
50807
85388
5903
61204
230638
138694
230366
66229
68974
110224
228462
160817
161840
224835
91363
231758
119998
120203
137271
6128
153370
6010
141395
6052
136326
150441
139511
148047
137270
165687
114856
143820
136690
223334
89714
4551
60700
146428
99046
148878
90210
106778
74136
144338
206066
204199
22925
5921
21579
234348
90268
143692
91720
103709
68992
68994
68995
135497
104162
128717
8030
4446
32348
4503
51452
103476
163322
11271
211078
11270
11269
11266
11267
11281
211407
193562
212557
163978
174207
49628
60384
102768
61870
91972
141057
93761
11211
63933
137181
19883
88092
103892
11103
11113
170463
171332
156157
97648
95078
150538
221286
104349
99878
161262
225757
104091
99099
84230
143387
154737
106942
94413
67794
142725
171304
101619
187154
104443
103202
10973
10994
11057
160329
82339
106770
11124
114816
34981
220478
105826
106788
35810
76523
51291
106632
10573
152225
213436
105731
140314
1673
80396
112831
78912
151807
28255
233484
63116
31924
133665
159337
111849
95547
106810
154329
10678
67796
10908
171541
10688
136481
159353
10904
113166
10771
144719
10858
99057
158424
66927
128221
34985
166688
91627
10680
111722
10703
154831
136961
109290
200746
131057
92222
146422
136770
223862
136925
170623
24543
10731
217352
155472
173034
10750
10754
160699
219894
28552
10763
41940
163049
78365
10775
91433
101699
158879
145609
146095
159091
188174
112183
29670
10892
19549
73235
109280
10876
140214
156341
10897
24077
10869
103090
182384
67542
78421
159418
203184
10943
31848
147602
161882
10867
159486
139171
67797
10829
41043
113471
10837
10836
151052
19356
44052
36010
10794
164536
145085
10810
10839
152416
157379
67799
220492
36808
159117
227187
227450
47722
156878
136793
190843
224506
98504
99496
77008
168400
141905
113432
178451
225442
67784
10641
137363
221872
48487
114327
222765
137235
206301
206683
102964
147978
106308
206719
159484
180089
111358
112458
101764
169178
66994
10651
113984
209489
112562
204177
224294
102303
30991
10654
153433
167534
37853
136786
215863
155720
136671
79548
160388
230324
20395
140840
148429
221410
82334
10585
143436
27824
159288
205984
99302
137768
219387
138971
201465
230200
232196
105782
136119
104678
60592
214430
156732
167370
222341
113101
223031
88772
97823
77057
168547
147174
182959
225329
212524
109277
95885
106487
232590
33331
168155
74554
228770
139309
210838
51583
215478
193092
203873
153674
52274
161221
183808
161941
168013
154325
207228
227331
147642
137427
150309
206735
217241
152494
185875
220017
43604
104242
102448
184617
189151
213547
146556
178729
158641
108348
207691
149878
100291
23625
139451
102498
141274
119981
224375
225738
109057
234001
106171
160719
234175
10661
10691
106876
10709
28110
225365
141399
151001
222205
10699
41059
10686
131834
135927
71753
150753
166469
170770
169004
10489
143122
135884
51535
192827
10518
68874
10461
18998
10452
10478
10436
30839
137367
145197
10486
10485
145830
148915
163639
10508
110905
28397
30927
167257
74638
10404
10401
136570
146329
138901
1421
139164
136712
150553
147384
114835
26209
1406
128421
20463
145116
159265
227180
62668
36070
71654
2660
88612
52397
11297
71850
29566
160204
11319
173467
52873
103458
99409
95046
1875
16320
33162
101247
39492
138007
99983
112364
40174
128833
128911
26708
20563
51136
133071
34641
38948
38279
128298
161126
30353
144777
161507
175064
26799
170175
140606
161220
228263
30128
3447
232752
3439
3448
83959
45082
51285
3473
30150
47593
3468
229102
51823
29775
3476
47228
45967
72055
29047
35074
69031
3538
3536
130918
3497
153722
155973
79762
68830
32850
49481
3490
225891
141161
150579
188968
3265
105621
3299
3308
92037
45521
53707
136126
207917
146921
3066
3231
137040
3112
3247
136142
137124
107856
152906
97840
111225
202289
173910
38040
46527
74727
167052
195479
112746
102126
23149
24150
103151
33488
133166
137482
12621
87249
12563
33446
95061
60136
90040
80785
136522
207791
176825
12398
209188
144771
141543
85092
12522
78074
105395
23427
97256
161159
104024
144326
17507
146972
12523
12533
103201
99439
137447
33272
205717
169430
25807
35440
100011
108713
202129
43992
128032
29154
49248
12734
208120
108722
108724
167566
12743
201697
99987
12127
12128
11985
11972
12061
72811
137492
149698
83558
137455
13348
214060
215442
209116
49893
132390
12943
41449
12941
13016
13031
31830
30376
11627
129193
132662
199229
11920
180775
33286
162176
222313
98009
53290
102511
12003
12488
44460
152182
80057
136457
153946
100131
151290
172612
48363
62707
112160
11402
147336
11418
154093
136346
174445
160075
184706
155077
98733
191730
160171
39516
180464
113190
122561
124815
39131
91212
11398
223372
11419
37993
108652
156658
222035
204312
111151
155186
185553
216057
104871
55589
128299
208371
161585
214163
153923
178488
184604
179831
11370
179569
183173
180467
23706
11367
227758
175752
182617
11382
163696
87668
11366
176181
32126
182930
191612
177876
136349
133178
148072
182894
51091
11376
146776
192576
199686
143031
232800
198075
135349
201230
94574
76995
161280
219427
223287
107946
59998
114417
214698
70612
19731
210684
144055
160960
225982
220214
114390
133894
143480
121120
206038
11353
36731
11924
97060
154687
50283
102556
161014
11591
144186
104067
156201
226780
113223
106423
133917
2722
91842
1299
220131
133577
227885
42071
21437
2729
31908
44630
66944
208234
13738
112747
113263
113726
114374
144458
72863
113490
1295
102775
142193
67537
99031
207368
32511
100661
36737
214957
51154
111450
177667
171909
200238
2725
131339
185950
60174
159077
113259
167755
114246
213780
113017
44185
71617
207768
41419
113524
214983
1301
215689
154220
159203
22061
113658
88752
2710
143917
165185
216578
214216
213456
153171
159186
191839
64880
158589
159331
136708
155786
167645
210619
2751
160746
228624
26613
65693
153115
217445
111741
138900
71875
80115
159347
166485
159140
159079
159191
2712
70228
159240
159523
159294
159360
34880
2752
72094
1287
65433
103391
81161
164639
90568
163647
19494
55534
164913
151229
170145
2723
32174
44024
102361
169619
105919
113232
114068
225131
167200
217784
160254
208896
100738
159894
104930
161098
218158
99957
220080
226220
222240
100115
104491
160935
111100
216017
130005
178506
207920
217717
113628
203057
1282
20892
83414
90766
78862
219686
105982
113170
113276
219565
52036
231395
229483
159188
159515
101617
159151
193176
73897
28650
41211
38489
17199
18466
137943
184873
1266
51584
136311
53827
13744
153904
143037
167417
63120
35933
225673
67849
166367
109890
13743
159156
63104
160555
31890
143283
163063
111483
167995
112109
146475
136672
145658
13752
101328
105649
111716
21495
104227
101831
111406
101498
101670
112306
100849
101990
13753
13754
101177
90508
99290
144409
78515
216606
65691
204757
71332
221463
213345
177897
161834
1654
66306
13720
112259
219851
111544
105224
129486
162135
202214
96419
144222
161484
172280
63284
151277
159584
218058
107427
148318
161631
95342
220248
62669
139838
28429
137398
223314
101238
164402
27351
110710
74641
62679
132063
156996
156779
156763
23520
185760
187655
196916
187022
176053
191833
58380
186062
199699
181938
178437
184470
14023
40768
109018
198122
81674
181606
184830
45296
183843
195646
193107
198108
175650
180523
52305
14059
21769
176865
201772
190303
180687
184084
189445
164940
186918
188531
185653
154598
175587
186104
188863
41204
110361
44493
174974
192046
82283
130746
21881
17494
144683
195985
131973
145643
162211
135350
189190
134266
182323
130699
228860
150575
190061
195507
177444
177590
230719
133228
180288
129841
175033
135839
166297
110227
199567
113855
162576
133650
179389
185234
195325
135391
132338
195431
146474
195159
110046
72977
92144
34466
70198
162867
194136
191213
193666
175447
188690
191129
175595
177176
196518
183450
193148
179615
188209
189605
186883
197624
102704
99566
184700
186379
193793
174747
181560
174892
179971
198420
192302
193598
175550
191183
183555
13989
194264
77371
14001
183107
195893
198399
101771
175240
147987
110596
40639
48088
130302
163874
186650
176109
189038
81160
198740
199122
110292
164968
190389
114094
189121
174269
105647
212106
105901
212281
182658
94718
124698
86715
109586
25317
111923
92512
13933
46567
13951
109561
216735
190311
230904
135462
189979
180191
130639
134379
234313
186000
195808
34649
52311
18619
109768
182787
189688
192067
169721
83226
198568
126220
135423
182857
190687
198620
148671
68844
131229
133091
134631
172220
50457
133375
164872
14035
24546
178515
193897
197460
175418
197152
178427
195100
109780
111310
109697
168711
195221
198577
194077
193981
174162
199456
110168
111003
109967
51880
179297
179432
181689
190064
192609
178094
164869
177754
194123
199066
188573
181349
198526
16944
175085
196213
198737
52410
184661
189329
177320
183836
181528
114912
104752
168317
100450
180185
196851
106366
14081
182289
131143
36892
106258
30334
185873
235094
233371
175114
132691
169013
193686
97351
175358
197157
132008
132757
135750
133843
227914
133675
135443
135429
14094
162811
182630
149693
130243
134698
184401
196689
182830
129921
134412
184367
196844
189312
196744
177211
186120
194066
188962
195858
195619
198174
158321
178618
69942
197539
216356
135807
51677
175120
179439
194236
113687
184969
130433
199059
133193
132198
131066
132451
230409
194209
33833
185961
73894
110678
14096
193730
195029
188034
106687
183988
185606
187114
14103
222851
14120
14128
14127
204581
172236
140502
112809
143496
114223
141770
42607
113707
51807
150056
135632
114620
78144
78343
78204
77667
141830
26279
95195
104551
144333
143715
37128
147741
98297
198678
99977
14114
132536
207833
31573
14109
49274
14108
186851
141010
149095
19275
109927
177731
92430
16084
175949
186011
187764
189150
16076
199640
101849
192654
106698
174018
114730
169183
185822
191542
132206
199379
132587
25644
192398
183051
185995
43052
196061
145151
155577
110128
112227
198417
167256
110458
184940
109546
181986
21232
187917
107272
181026
110824
109841
143881
187006
44184
176499
197250
198563
27355
33112
103744
114773
187845
19521
216710
103772
158569
36271
81523
16054
192419
193755
72970
16039
198643
94496
50218
174712
194816
16074
144392
176288
179068
186904
191148
195496
196384
185622
182431
27866
196132
179358
181426
181748
186081
18361
206101
184985
195743
181056
175148
192323
195467
178438
182920
198387
29495
162129
170603
174675
188872
187038
176247
16058
234651
52759
148075
78294
186578
195947
43051
207770
114725
111268
141809
77791
105514
37295
41287
35786
19611
215509
174635
16063
221978
224800
114686
100454
102539
16073
148235
151144
171848
111066
191100
194526
16059
93647
181174
187404
191436
183479
192598
107235
209337
197139
132260
196991
197958
199119
186812
191032
195102
27791
190263
194894
133406
231094
109491
110161
16559
34464
177109
48325
174278
176242
176038
196134
111120
196210
104581
16027
110836
183592
155059
181329
193471
165959
110192
32020
100135
102910
161343
131573
179116
16023
106786
16072
192018
194450
186118
173815
184850
110060
16057
131250
180091
167514
216140
77816
39700
104439
151267
29902
145319
100526
113654
105109
105813
175967
158833
49406
216877
193703
134517
144509
110016
114670
110924
99888
107768
72439
110535
213290
150161
17822
108481
158611
22883
150308
24626
169809
198781
192632
22115
26704
107605
78001
205747
100140
69664
110347
218248
99206
114854
114488
98930
126685
111170
15976
172948
162724
40758
220599
135577
144881
15980
162454
77360
15989
205944
33987
174960
182861
197060
163690
175234
175192
197133
198504
144432
171184
171437
167951
16232
16202
54834
16199
179771
168422
90396
16166
150000
217145
26148
170353
180489
149970
16195
16110
16111
34407
46414
32182
30766
49771
192156
193643
195602
185339
111654
112201
104895
110829
30743
111325
112186
99414
105409
227245
83830
109894
23926
189786
190559
33984
144884
102879
183822
101401
230405
13759
13762
106330
177228
181466
187802
149597
95791
149904
51211
114601
109624
46159
112328
107594
72513
78354
43267
43339
224206
52379
176276
180402
14149
14158
14148
14178
86132
51973
184671
185952
174734
162021
199413
44695
14228
135311
14188
33116
14169
224798
14174
105499
51694
107660
156470
113661
14135
85424
218303
103172
14132
41951
85846
14245
28721
106726
33448
132641
70787
83665
87735
84198
99351
75475
83175
99981
14275
68341
114836
38592
103341
14263
223099
81585
35017
99474
157172
99126
14240
46867
157142
89746
135410
145515
104008
146761
185374
176925
146392
144247
114807
150154
142033
169989
14181
111211
158015
183202
165063
220301
224204
78199
68349
111555
148781
110842
146376
114843
108716
110296
180895
190523
188183
180585
191738
107464
110847
111250
101433
99789
14133
17311
34789
204369
144429
178394
181180
192164
189012
111274
195106
195548
210805
169056
109644
16087
93487
45167
93440
62673
62675
136803
174092
190255
178986
164187
130403
133930
21096
88892
51715
178564
192175
193690
177499
167772
131877
187332
15143
233451
21772
107485
15152
15156
108027
15164
58041
15179
26176
96727
97946
111332
130744
107854
15221
146681
14917
178759
110120
15693
153403
155994
134601
182108
50458
15061
48276
28361
48237
114822
15241
55895
140940
151398
172032
172558
16452
107061
136001
170087
62895
164676
185556
196718
190336
205757
221080
100119
55342
50448
15483
108351
78015
110020
15110
67688
67686
216931
76923
134006
81912
53770
142023
165813
146872
217912
14894
165963
173296
64393
145617
28012
14990
156286
147938
141968
203909
48079
218836
224949
104534
216781
14540
83619
151888
58677
58675
14575
129409
211845
175339
173100
40011
191576
38338
128618
14754
165114
190564
137867
139299
54543
206482
36300
14604
14611
106243
128093
15026
112113
26206
22975
144022
14468
132693
187176
39053
104054
163693
14405
51767
110470
91160
96700
141630
80984
167450
210271
137955
209244
67396
103446
109064
182726
157680
167279
212471
14331
107003
14348
114509
23473
114581
43971
32823
77895
78268
15854
145549
15811
15832
106362
15860
15859
15837
102371
160113
214741
219640
103186
220788
70042
137538
58394
15899
79153
23718
36302
108671
155625
150616
163407
101955
206850
29463
104358
210102
42538
42395
191556
52403
182398
232434
50779
15698
55569
62523
15696
166536
15695
30323
15708
179979
15703
15704
62666
185382
193776
174166
190225
50433
176560
184230
182229
199714
175094
130091
230759
98789
132422
188898
197123
115098
49369
49837
15734
176685
199533
42372
202367
188919
19191
31844
158561
44294
54730
42560
106981
210848
142208
33753
15728
211927
227846
15710
158774
114644
132391
221498
45363
179471
190451
151870
193360
21822
100351
106388
43417
196583
219921
145889
111399
17688
29289
98761
103560
109777
62670
151965
153214
154120
166481
168487
105370
108785
108149
231581
89131
90083
30024
142065
143189
13659
13678
13681
182816
85145
58262
136415
128382
133171
87238
169931
13820
13851
100212
217071
41482
51109
31951
42483
140868
228113
29533
184145
218453
79562
128076
13840
21147
162895
194405
211008
225954
111235
13855
168236
13862
66181
136950
34224
152353
34346
92321
222308
13692
13689
101877
13691
173476
131268
179499
145805
221790
134013
229371
130034
29453
33780
105619
139270
101811
81303
81121
63750
38133
13873
165741
33994
107750
13924
187815
128362
169459
145732
150758
13718
179728
215116
133929
100452
103678
99132
168737
134788
136533
168627
136728
54890
220089
208847
110857
131119
130916
148652
25424
131486
179484
99836
131733
108786
134122
160816
94490
111907
13721
143589
134576
13717
13728
144825
19343
13708
13767
66680
66678
20457
16088
137796
139107
178547
233108
199942
200206
200018
200668
201072
201953
200336
206209
142268
202139
155335
103462
201939
154380
159312
69764
10560
159237
141197
129580
136414
165344
136645
201335
202687
207211
202937
199824
201331
201813
202812
202164
200048
203525
221796
203454
80684
82149
155265
111795
114724
154361
10567
173357
200948
200232
107881
110696
226078
99217
220016
222960
219692
227183
79187
150593
221262
204488
6321
135161
227270
105780
168994
227413
227358
151616
35504
42311
2917
112352
200020
106562
226676
143479
149397
224312
65700
108872
10978
110455
16854
136443
105625
179710
201138
201556
100328
104387
213358
227206
150632
150608
159133
144617
138924
111630
65673
155524
159241
74066
159367
203683
22264
200762
101480
200775
159180
235128
150741
151438
111520
205716
232597
216930
203529
102116
216234
209664
211059
105480
220992
111384
135876
135194
6929
17020
169822
21239
70379
22963
114578
91484
109782
111978
49147
222777
189880
30464
215260
65695
14906
120505
21860
45149
212739
225943
210046
215203
156900
33606
91082
154606
226293
200961
203106
202078
203188
202302
202979
203137
36990
94589
143142
104126
225856
23652
3685
150714
156651
219480
114382
114420
224190
157794
222488
144924
100774
214270
156538
45035
22143
1240
1249
79191
109901
164887
147627
155458
105533
110262
165132
47490
221562
1651
1635
87292
42039
155885
17343
100171
32254
66917
163720
177553
80993
1430
1429
159862
96473
79712
99075
221811
57713
39143
41561
1442
159493
46343
208982
113363
226892
204483
222095
225556
208292
105869
208966
159742
209019
213629
105372
161163
177656
51926
79590
1216
1219
1220
1222
18702
1230
41353
203255
35729
35305
74652
145058
185095
168520
157742
101088
38917
157005
38674
102075
202057
209414
211918
200861
200180
200608
203503
191575
38815
153907
43828
1197
138074
30394
85051
16693
13724
100784
516
108682
143846
525
209322
68326
152455
299
173672
267
210610
103626
233066
139737
144407
102902
104083
156943
71191
99537
85668
169691
74464
36299
72038
140077
54099
688
109549
692
100246
41854
137640
33564
135186
21
773
201355
158830
200959
100020
211317
52
1019
237
16284
772
203065
223034
200845
7
115256
203276
151811
140100
140261
24840
141088
34194
111614
43427
131861
132875
128710
142642
139526
199554
200010
711
209248
63282
22294
52339
62881
140032
130029
137883
201596
204898
109524
146447
104364
112246
190786
141005
109663
124193
219191
428
132046
54
104684
47977
161666
71237
32461
161417
13
144490
108925
202396
200115
202746
137541
62886
39716
245
249
49
123021
188272
130
150461
194137
223
46
137113
743
125020
77902
223234
64372
142674
1029
108956
49412
101095
71074
204290
39230
108942
111933
213389
115168
1006
127052
43314
53714
888
105220
835
140627
201321
138956
112707
177633
126957
140689
193033
198509
142115
112651
839
119867
122677
126878
19329
978
54467
35548
946
144945
910
916
186470
23289
872
877
181142
73046
179805
836
190468
34207
51122
136293
141677
137080
838
200378
202338
771
883
160320
51224
